trID,time,oldVer,newVer,#oldT,#newT,#oldA,#newA,tIns,tDel,aIns,aDel,aTypeAlt,keyAlt,aTabIns,aTabDel
1,rev_1.002,rev_1.001.sql,rev_1.002.sql,15,15,81,81,0,0,0,0,1,1,0,0
2,rev_1.003,rev_1.002.sql,rev_1.003.sql,15,15,81,81,0,0,0,0,0,0,0,0
3,rev_1.004,rev_1.003.sql,rev_1.004.sql,15,15,81,81,0,0,0,0,0,0,0,0
4,rev_1.005,rev_1.004.sql,rev_1.005.sql,15,15,81,81,0,0,0,0,0,0,0,0
5,rev_1.006,rev_1.005.sql,rev_1.006.sql,15,15,81,81,0,0,0,0,0,0,0,0
6,rev_1.007,rev_1.006.sql,rev_1.007.sql,15,15,81,81,0,0,0,0,0,0,0,0
7,rev_1.008,rev_1.007.sql,rev_1.008.sql,15,15,81,81,0,0,0,0,0,0,0,0
8,rev_1.009,rev_1.008.sql,rev_1.009.sql,15,15,81,81,0,0,0,0,0,0,0,0
9,rev_1.010,rev_1.009.sql,rev_1.010.sql,15,14,81,77,0,1,0,2,0,0,0,2
10,rev_1.011,rev_1.010.sql,rev_1.011.sql,14,14,77,77,0,0,0,0,0,0,0,0
11,rev_1.012,rev_1.011.sql,rev_1.012.sql,14,14,77,78,0,0,1,0,0,0,0,0
12,rev_1.013,rev_1.012.sql,rev_1.013.sql,14,14,78,80,0,0,2,0,0,0,0,0
13,rev_1.014,rev_1.013.sql,rev_1.014.sql,14,15,80,84,1,0,0,0,0,0,4,0
14,rev_1.015,rev_1.014.sql,rev_1.015.sql,15,18,84,95,3,0,0,0,0,0,11,0
15,rev_1.016,rev_1.015.sql,rev_1.016.sql,18,19,95,101,1,0,0,0,0,0,6,0
16,rev_1.017,rev_1.016.sql,rev_1.017.sql,19,19,101,101,0,0,0,0,0,0,0,0
17,rev_1.018,rev_1.017.sql,rev_1.018.sql,19,19,101,102,0,0,1,0,0,0,0,0
18,rev_1.019,rev_1.018.sql,rev_1.019.sql,19,20,102,105,1,0,0,0,0,0,3,0
19,rev_1.020,rev_1.019.sql,rev_1.020.sql,20,20,105,105,0,0,0,0,0,0,0,0
20,rev_1.021,rev_1.020.sql,rev_1.021.sql,20,20,105,105,0,0,0,0,1,0,0,0
21,rev_1.022,rev_1.021.sql,rev_1.022.sql,20,19,105,102,0,1,0,0,0,0,0,3
22,rev_1.023,rev_1.022.sql,rev_1.023.sql,19,19,102,104,0,0,2,0,0,0,0,0
23,rev_1.024,rev_1.023.sql,rev_1.024.sql,19,19,104,105,0,0,1,0,0,0,0,0
24,rev_1.025,rev_1.024.sql,rev_1.025.sql,19,19,105,105,0,0,0,0,2,0,0,0
25,rev_1.026,rev_1.025.sql,rev_1.026.sql,19,19,105,105,0,0,0,0,0,0,0,0
26,rev_1.027,rev_1.026.sql,rev_1.027.sql,19,20,105,108,1,0,1,0,0,0,2,0
27,rev_1.028,rev_1.027.sql,rev_1.028.sql,20,20,108,107,0,0,0,1,0,0,0,0
28,rev_1.029,rev_1.028.sql,rev_1.029.sql,20,20,107,109,0,0,2,0,0,0,0,0
29,rev_1.030,rev_1.029.sql,rev_1.030.sql,20,20,109,110,0,0,1,0,0,0,0,0
30,rev_1.031,rev_1.030.sql,rev_1.031.sql,20,22,110,118,2,0,1,0,0,0,7,0
31,rev_1.032,rev_1.031.sql,rev_1.032.sql,22,22,118,118,0,0,0,0,0,0,0,0
32,rev_1.033,rev_1.032.sql,rev_1.033.sql,22,23,118,122,1,0,1,0,0,0,3,0
33,rev_1.034,rev_1.033.sql,rev_1.034.sql,23,23,122,122,0,0,1,1,0,0,0,0
34,rev_1.035,rev_1.034.sql,rev_1.035.sql,23,23,122,123,0,0,1,0,0,0,0,0
35,rev_1.036,rev_1.035.sql,rev_1.036.sql,23,23,123,123,0,0,0,0,3,0,0,0
36,rev_1.037,rev_1.036.sql,rev_1.037.sql,23,23,123,122,0,0,0,1,0,0,0,0
37,rev_1.038,rev_1.037.sql,rev_1.038.sql,23,23,122,123,0,0,1,0,0,0,0,0
38,rev_1.039,rev_1.038.sql,rev_1.039.sql,23,24,123,128,1,0,0,0,0,0,5,0
39,rev_1.040,rev_1.039.sql,rev_1.040.sql,24,24,128,129,0,0,1,0,0,0,0,0
40,rev_1.041,rev_1.040.sql,rev_1.041.sql,24,24,129,134,1,1,6,2,0,0,3,2
41,rev_1.042,rev_1.041.sql,rev_1.042.sql,24,24,134,134,0,0,0,0,0,0,0,0
42,rev_1.043,rev_1.042.sql,rev_1.043.sql,24,25,134,138,1,0,0,0,1,0,4,0
43,rev_1.044,rev_1.043.sql,rev_1.044.sql,25,25,138,139,0,0,1,0,0,0,0,0
44,rev_1.045,rev_1.044.sql,rev_1.045.sql,25,27,139,143,2,0,0,0,0,0,4,0
45,rev_1.046,rev_1.045.sql,rev_1.046.sql,27,27,143,143,0,0,0,0,0,0,0,0
46,rev_1.047,rev_1.046.sql,rev_1.047.sql,27,27,143,143,0,0,0,0,0,0,0,0
47,rev_1.048,rev_1.047.sql,rev_1.048.sql,27,28,143,147,1,0,0,0,0,0,4,0
48,rev_1.049,rev_1.048.sql,rev_1.049.sql,28,28,147,148,0,0,1,0,0,0,0,0
49,rev_1.050,rev_1.049.sql,rev_1.050.sql,28,28,148,150,0,0,2,0,0,0,0,0
50,rev_1.051,rev_1.050.sql,rev_1.051.sql,28,28,150,150,0,0,0,0,1,0,0,0
51,rev_1.052,rev_1.051.sql,rev_1.052.sql,28,28,150,150,0,0,0,0,0,0,0,0
52,rev_1.053,rev_1.052.sql,rev_1.053.sql,28,30,150,162,2,0,1,0,0,0,11,0
53,rev_1.054,rev_1.053.sql,rev_1.054.sql,30,30,162,163,0,0,1,0,0,0,0,0
54,rev_1.055,rev_1.054.sql,rev_1.055.sql,30,30,163,165,0,0,2,0,0,0,0,0
55,rev_1.056,rev_1.055.sql,rev_1.056.sql,30,31,165,169,1,0,2,5,0,0,7,0
56,rev_1.057,rev_1.056.sql,rev_1.057.sql,31,31,169,170,0,0,1,0,0,0,0,0
57,rev_1.058,rev_1.057.sql,rev_1.058.sql,31,32,170,176,1,0,0,0,0,0,6,0
58,rev_1.059,rev_1.058.sql,rev_1.059.sql,32,32,176,177,0,0,1,0,0,0,0,0
59,rev_1.060,rev_1.059.sql,rev_1.060.sql,32,32,177,178,0,0,1,0,0,0,0,0
60,rev_1.061,rev_1.060.sql,rev_1.061.sql,32,32,178,181,0,0,4,1,0,0,0,0
61,rev_1.062,rev_1.061.sql,rev_1.062.sql,32,33,181,188,1,0,0,0,0,0,7,0
62,rev_1.063,rev_1.062.sql,rev_1.063.sql,33,33,188,188,0,0,0,0,0,0,0,0
63,rev_1.064,rev_1.063.sql,rev_1.064.sql,33,33,188,189,0,0,1,0,0,0,0,0
64,rev_1.065,rev_1.064.sql,rev_1.065.sql,33,32,189,183,0,1,2,1,0,0,0,7
65,rev_1.066,rev_1.065.sql,rev_1.066.sql,32,34,183,187,2,0,0,0,0,0,4,0
66,rev_1.067,rev_1.066.sql,rev_1.067.sql,34,34,187,189,0,0,2,0,0,0,0,0
67,rev_1.068,rev_1.067.sql,rev_1.068.sql,34,34,189,189,0,0,0,0,0,0,0,0
68,rev_1.069,rev_1.068.sql,rev_1.069.sql,34,34,189,190,0,0,1,0,0,0,0,0
69,rev_1.070,rev_1.069.sql,rev_1.070.sql,34,34,190,190,0,0,0,0,2,0,0,0
70,rev_1.071,rev_1.070.sql,rev_1.071.sql,34,35,190,195,1,0,0,0,0,0,5,0
71,rev_1.072,rev_1.071.sql,rev_1.072.sql,35,35,195,196,0,0,1,0,0,0,0,0
72,rev_1.073,rev_1.072.sql,rev_1.073.sql,35,35,196,200,0,0,4,0,0,0,0,0
73,rev_1.074,rev_1.073.sql,rev_1.074.sql,35,35,200,200,0,0,0,0,0,0,0,0
74,rev_1.075,rev_1.074.sql,rev_1.075.sql,35,35,200,200,0,0,0,0,0,4,0,0
75,rev_1.076,rev_1.075.sql,rev_1.076.sql,35,35,200,200,0,0,0,0,0,0,0,0
76,rev_1.077,rev_1.076.sql,rev_1.077.sql,35,35,200,200,0,0,0,0,0,0,0,0
77,rev_1.078,rev_1.077.sql,rev_1.078.sql,35,35,200,201,0,0,1,0,0,0,0,0
78,rev_1.079,rev_1.078.sql,rev_1.079.sql,35,35,201,202,0,0,1,0,0,0,0,0
79,rev_1.080,rev_1.079.sql,rev_1.080.sql,35,35,202,205,0,0,3,0,0,0,0,0
80,rev_1.081,rev_1.080.sql,rev_1.081.sql,35,35,205,210,0,0,5,0,0,0,0,0
81,rev_1.082,rev_1.081.sql,rev_1.082.sql,35,35,210,213,0,0,3,0,0,0,0,0
82,rev_1.083,rev_1.082.sql,rev_1.083.sql,35,36,213,219,1,0,0,0,0,0,6,0
83,rev_1.084,rev_1.083.sql,rev_1.084.sql,36,36,219,218,0,0,0,1,0,0,0,0
84,rev_1.085,rev_1.084.sql,rev_1.085.sql,36,36,218,221,0,0,3,0,0,0,0,0
85,rev_1.086,rev_1.085.sql,rev_1.086.sql,36,37,221,223,1,0,0,0,0,0,2,0
86,rev_1.087,rev_1.086.sql,rev_1.087.sql,37,38,223,230,1,0,0,0,0,0,7,0
87,rev_1.088,rev_1.087.sql,rev_1.088.sql,38,38,230,231,0,0,1,0,0,2,0,0
88,rev_1.089,rev_1.088.sql,rev_1.089.sql,38,38,231,232,0,0,1,0,0,0,0,0
89,rev_1.090,rev_1.089.sql,rev_1.090.sql,38,38,232,233,0,0,1,0,0,0,0,0
90,rev_1.091,rev_1.090.sql,rev_1.091.sql,38,38,233,233,0,0,0,0,0,0,0,0
91,rev_1.092,rev_1.091.sql,rev_1.092.sql,38,38,233,233,0,0,0,0,0,0,0,0
92,rev_1.093,rev_1.092.sql,rev_1.093.sql,38,39,233,236,1,0,0,0,0,0,3,0
93,rev_1.094,rev_1.093.sql,rev_1.094.sql,39,39,236,237,0,0,1,0,0,0,0,0
94,rev_1.095,rev_1.094.sql,rev_1.095.sql,39,39,237,240,0,0,3,0,0,0,0,0
95,rev_1.096,rev_1.095.sql,rev_1.096.sql,39,39,240,241,0,0,1,0,0,0,0,0
96,rev_1.097,rev_1.096.sql,rev_1.097.sql,39,40,241,245,1,0,0,0,0,0,4,0
97,rev_1.098,rev_1.097.sql,rev_1.098.sql,40,40,245,247,0,0,2,0,0,0,0,0
98,rev_1.099,rev_1.098.sql,rev_1.099.sql,40,40,247,248,0,0,2,1,0,0,0,0
99,rev_1.100,rev_1.099.sql,rev_1.100.sql,40,40,248,250,0,0,2,0,0,0,0,0
100,rev_1.101,rev_1.100.sql,rev_1.101.sql,40,40,250,253,0,0,3,0,0,0,0,0
101,rev_1.102,rev_1.101.sql,rev_1.102.sql,40,41,253,262,1,0,0,0,0,0,9,0
102,rev_1.103,rev_1.102.sql,rev_1.103.sql,41,41,262,263,0,0,1,0,0,0,0,0
103,rev_1.104,rev_1.103.sql,rev_1.104.sql,41,41,263,264,0,0,1,0,0,0,0,0
104,rev_1.105,rev_1.104.sql,rev_1.105.sql,41,42,264,268,1,0,0,0,0,0,4,0
105,rev_1.106,rev_1.105.sql,rev_1.106.sql,42,42,268,269,0,0,1,0,0,0,0,0
106,rev_1.107,rev_1.106.sql,rev_1.107.sql,42,42,269,273,0,0,4,0,0,0,0,0
107,rev_1.108,rev_1.107.sql,rev_1.108.sql,42,42,273,275,0,0,2,0,0,0,0,0
108,rev_1.109,rev_1.108.sql,rev_1.109.sql,42,42,275,276,0,0,1,0,0,0,0,0
109,rev_1.110,rev_1.109.sql,rev_1.110.sql,42,43,276,281,1,0,2,0,0,0,3,0
110,rev_1.111,rev_1.110.sql,rev_1.111.sql,43,43,281,281,0,0,0,0,0,0,0,0
111,rev_1.112,rev_1.111.sql,rev_1.112.sql,43,44,281,284,1,0,0,0,0,0,3,0
112,rev_1.113,rev_1.112.sql,rev_1.113.sql,44,44,284,285,0,0,1,0,0,0,0,0
113,rev_1.114,rev_1.113.sql,rev_1.114.sql,44,44,285,285,0,0,1,1,0,0,0,0
114,rev_1.115,rev_1.114.sql,rev_1.115.sql,44,43,285,280,0,1,0,2,0,0,0,3
115,rev_1.116,rev_1.115.sql,rev_1.116.sql,43,43,280,281,0,0,1,0,0,0,0,0
116,rev_1.117,rev_1.116.sql,rev_1.117.sql,43,43,281,282,0,0,1,0,0,0,0,0
117,rev_1.118,rev_1.117.sql,rev_1.118.sql,43,43,282,286,0,0,6,2,0,0,0,0
118,rev_1.119,rev_1.118.sql,rev_1.119.sql,43,43,286,286,0,0,1,1,0,0,0,0
119,rev_1.120,rev_1.119.sql,rev_1.120.sql,43,43,286,281,0,0,0,5,0,0,0,0
120,rev_1.121,rev_1.120.sql,rev_1.121.sql,43,43,281,280,0,0,0,1,0,0,0,0
121,rev_1.122,rev_1.121.sql,rev_1.122.sql,43,44,280,285,1,0,0,0,0,0,5,0
122,rev_1.123,rev_1.122.sql,rev_1.123.sql,44,44,285,283,0,0,0,2,0,0,0,0
123,rev_1.124,rev_1.123.sql,rev_1.124.sql,44,44,283,284,0,0,1,0,0,0,0,0
124,rev_1.125,rev_1.124.sql,rev_1.125.sql,44,44,284,284,0,0,1,1,0,0,0,0
125,rev_1.126,rev_1.125.sql,rev_1.126.sql,44,44,284,286,0,0,2,0,0,0,0,0
126,rev_1.127,rev_1.126.sql,rev_1.127.sql,44,44,286,287,0,0,1,0,0,0,0,0
127,rev_1.128,rev_1.127.sql,rev_1.128.sql,44,44,287,288,0,0,1,0,0,0,0,0
128,rev_1.129,rev_1.128.sql,rev_1.129.sql,44,46,288,294,2,0,0,0,0,0,6,0
129,rev_1.130,rev_1.129.sql,rev_1.130.sql,46,46,294,294,0,0,0,0,0,0,0,0
130,rev_1.131,rev_1.130.sql,rev_1.131.sql,46,46,294,295,0,0,1,0,0,0,0,0
131,rev_1.132,rev_1.131.sql,rev_1.132.sql,46,47,295,298,1,0,0,0,0,0,3,0
132,rev_1.133,rev_1.132.sql,rev_1.133.sql,47,47,298,299,0,0,1,0,0,0,0,0
133,rev_1.134,rev_1.133.sql,rev_1.134.sql,47,47,299,300,0,0,1,0,0,0,0,0
134,rev_1.135,rev_1.134.sql,rev_1.135.sql,47,48,300,311,2,1,6,2,0,0,16,9
135,rev_1.136,rev_1.135.sql,rev_1.136.sql,48,48,311,311,0,0,1,1,0,0,0,0
136,rev_1.137,rev_1.136.sql,rev_1.137.sql,48,48,311,313,0,0,2,0,0,0,0,0
137,rev_1.138,rev_1.137.sql,rev_1.138.sql,48,48,313,313,0,0,0,0,0,0,0,0
138,rev_1.139,rev_1.138.sql,rev_1.139.sql,48,45,313,295,0,3,0,0,0,0,0,18
139,rev_1.140,rev_1.139.sql,rev_1.140.sql,45,45,295,296,0,0,1,0,0,0,0,0
140,rev_1.141,rev_1.140.sql,rev_1.141.sql,45,45,296,298,0,0,2,0,0,0,0,0
141,rev_1.142,rev_1.141.sql,rev_1.142.sql,45,45,298,298,0,0,1,1,0,0,0,0
142,rev_1.143,rev_1.142.sql,rev_1.143.sql,45,45,298,298,0,0,0,0,0,0,0,0
143,rev_1.144,rev_1.143.sql,rev_1.144.sql,45,45,298,299,0,0,1,0,0,0,0,0
144,rev_1.145,rev_1.144.sql,rev_1.145.sql,45,47,299,306,2,0,1,0,1,0,6,0
145,rev_1.146,rev_1.145.sql,rev_1.146.sql,47,46,306,298,1,2,0,0,0,0,6,14
146,rev_1.147,rev_1.146.sql,rev_1.147.sql,46,46,298,298,0,0,1,1,0,0,0,0
147,rev_1.148,rev_1.147.sql,rev_1.148.sql,46,46,298,298,0,0,1,1,0,0,0,0
148,rev_1.149,rev_1.148.sql,rev_1.149.sql,46,46,298,298,0,0,0,0,1,0,0,0
149,rev_1.150,rev_1.149.sql,rev_1.150.sql,46,47,298,301,1,0,0,0,0,0,3,0
150,rev_1.151,rev_1.150.sql,rev_1.151.sql,47,47,301,300,0,0,2,3,0,0,0,0
151,rev_1.152,rev_1.151.sql,rev_1.152.sql,47,47,300,301,0,0,1,0,0,0,0,0
152,rev_1.153,rev_1.152.sql,rev_1.153.sql,47,47,301,299,0,0,0,2,0,0,0,0
153,rev_1.154,rev_1.153.sql,rev_1.154.sql,47,48,299,302,1,0,0,0,0,0,3,0
154,rev_1.155,rev_1.154.sql,rev_1.155.sql,48,48,302,305,0,0,3,0,0,0,0,0
155,rev_1.156.0,rev_1.155.sql,rev_1.156.0.sql,48,48,305,305,0,0,2,2,0,0,0,0
156,rev_1.156.06.1,rev_1.156.0.sql,rev_1.156.06.1.sql,48,48,305,306,0,0,1,0,0,0,0,0
157,rev_1.156.08.1,rev_1.156.06.1.sql,rev_1.156.08.1.sql,48,48,306,306,0,0,1,1,0,0,0,0
158,rev_1.156.10.1,rev_1.156.08.1.sql,rev_1.156.10.1.sql,48,48,306,306,0,0,1,1,0,0,0,0
159,rev_1.157,rev_1.156.10.1.sql,rev_1.157.sql,48,48,306,306,0,0,1,1,0,0,0,0